39299000
70133900
76151900
70132380
70133280
69129000
99
76151002
73239000
82155990
85159910
82219910
73211104
35069220
82736917
84818005
95039990
39262002
87149900
96082200
73199090
95039090
40360000
39211000
96310000
61159990
90020740
61159200
63079099
39269000
60691000
96022000
39240000
44901990
85051900
79241000
39233300
65044090
65059010
95030000
42029001
39259000
63026300
48114100
63019100
67011000
44141000
91052109
70133990
39640000
63029000
69110900
33019000
48102299
33443000
11022102
99      
63036000
74600000
54075200
93063200
65051000
63679090
63025900
55099000
65053200
34291000
67029099
63022000
63260000
62026000
63041999
58190000
63020000
63025600
57024000
19181000
63029900
93060000
701349  
591609  
591857  
63151000
83062890
84725010
73239090
96390000
96091003
95023009
39249090
91030000
36032900
70113990
82119391
32249000
96083900
80172000
70139000
29232990
95100000
19241000
82119201
39490000
95959000
91048000
95039900
95053000
40201000
63089100
33012900
78989021
69029000
80130000
30241000
46021000
68025200
95031000
64041000
48102100
39519000
62049900
83442000
30264000
48501000
49919900
75151000
39241900
66199000
92030021
34241000
71117900
59059000
50590000
39233990
82159010
99999999
36249000
85326200
40005919
70123370
83002900
06041000
70009920
39629090
82032909
691200  
691200
39294900
39214100
39244100
73924900
93079090
63031100
69269090
37085010
70992000
57505000
52112200
63079900
52075210
57003200
94049900
63029200
60012000
34012001
33923299
39239990
39213990
63026200
96028200
66001100
39243900
39293900
73139400
36264000
76155190
68050010
54041000
36241000
63030000
62020000
96121000
57330000
36269090
39233900
91502100
58041000
39231000
48236000
96020000